 64 
 64 
 .1572581   .1814516   .1895161   .1814516   .2096774   .2258064   .2620968   .2903226   .2943548   .2741936   .2459677   .2379032   .2137097   .1774193   .1653226   .1451613   .1169355   8.064516E-02   3.629032E-02   0   0   0   0   0   0   0   0   6.854839E-02   .1290323   .1814516   .2258064   .2620968   .2903226   .3104839   .3225806   .3266129   .3225806   .3104839   .2903226   .2620968   .2258064   .1814516   .1290323   6.854839E-02   2.016129E-02   6.048387E-02   .1612903   .25   .3064516   .3306452   .3508064   .3467742   .3185484   .3064516   .3104839   .3064516   .2943548   .2741936   .2459677   .2096774   .1653226   .1129032   5.241935E-02   0  
 .1975807   .2217742   .2298387   .2580645   .2903226   .3346774   .3870968   .4153226   .4193548   .3991936   .3548387   .3185484   .2943548   .2540323   .2096774   .1895161   .1612903   .125   8.064516E-02   2.822581E-02   0   0   0   0   0   0   0   6.451613E-02   .125   .1774193   .2217742   .2580645   .2862903   .3064516   .3185484   .3225806   .3185484   .3145161   .3145161   .2983871   .266129   .2177419   .1532258   .1008065   6.048387E-02   .1330645   .25   .3387097   .3951613   .4395161   .4435484   .4435484   .4153226   .3870968   .3346774   .3185484   .3104839   .3024194   .2782258   .2379032   .1814516   .125   6.451613E-02   0  
 .2258064   .2459677   .2741936   .3225806   .358871   .4354839   .4879032   .516129   .5201613   .5   .4556452   .3870968   .358871   .3185484   .2620968   .2258064   .1975807   .1612903   .1169355   6.451613E-02   4.032258E-03   0   0   0   0   0   0   5.241935E-02   .1129032   .1653226   .2096774   .2459677   .2741936   .2943548   .3064516   .3104839   .3225806   .3387097   .3387097   .3225806   .2903226   .2419355   .1975807   .1572581   .141129   .1854839   .3064516   .3951613   .4798387   .5241935   .5362903   .5443549   .5443549   .516129   .4516129   .3629032   .3346774   .3185484   .2943548   .2540323   .1975807   .1290323   6.854839E-02   0  
 .2540323   .2741936   .3225806   .3709677   .4354839   .5120968   .5645161   .5927419   .5967742   .5766129   .5322581   .4637097   .4072581   .3669355   .3104839   .2540323   .2258064   .1895161   .1451613   9.274194E-02   3.225806E-02   0   0   0   0   0   0   3.225806E-02   9.274194E-02   .1451613   .1895161   .2258064   .2540323   .2741936   .2862903   .2983871   .3306452   .3467742   .3467742   .3306452   .2983871   .25   .2177419   .2137097   .2177419   .2298387   .3306452   .4395161   .5241935   .5846774   .6169355   .625   .6370968   .608871   .5403226   .4516129   .3709677   .3346774   .3145161   .2862903   .233871   .1572581   8.467742E-02   0  
 .2741936   .2943548   .3548387   .4032258   .4879032   .5806451   .6532258   .6935484   .7016129   .6774194   .6209677   .5322581   .4395161   .3991936   .3427419   .2741936   .2459677   .2096774   .1653226   .1129032   5.241935E-02   0   0   0   0   0   0   4.032258E-03   6.451613E-02   .1169355   .1612903   .1975807   .2258064   .2459677   .2580645   .2903226   .3225806   .3387097   .3387097   .3225806   .2903226   .2419355   .2379032   .2379032   .2701613   .2822581   .3387097   .4475806   .5362903   .6209677   .6653226   .6774194   .6895161   .6612903   .5967742   .5080645   .4233871   .4112903   .3830645   .3508064   .2943548   .2096774   .1169355   2.822581E-02  
 .2862903   .3064516   .3709677   .4193548   .5483871   .6532258   .7258065   .766129   .7741935   .75   .6935484   .6048387   .4959677   .4435484   .3991936   .3306452   .2983871   .25   .1895161   .141129   8.467742E-02   1.612903E-02   4.032258E-03   0   0   0   0   0   2.822581E-02   8.064516E-02   .125   .1612903   .1895161   .2096774   .2258064   .2983871   .3508064   .3790323   .3830645   .3629032   .3185484   .25   .233871   .2620968   .2983871   .3104839   .3346774   .4475806   .5564516   .641129   .6854839   .6935484   .7016129   .6774194   .6209677   .5645161   .4959677   .4637097   .4354839   .3830645   .3266129   .2540323   .1612903   8.064516E-02  
 .2903226   .3104839   .3709677   .4516129   .5887097   .6935484   .766129   .8064516   .8145161   .7903226   .733871   .6612903   .5685484   .5120968   .4354839   .3709677   .3387097   .2903226   .2419355   .1733871   .1008065   2.822581E-02   1.612903E-02   0   0   0   0   0   0   3.629032E-02   9.677419E-02   .1532258   .1935484   .2459677   .2903226   .3548387   .3870968   .3991936   .4032258   .3830645   .3387097   .2701613   .2701613   .2943548   .3024194   .3145161   .3064516   .4354839   .5685484   .6572581   .6975806   .7056451   .6935484   .6693549   .6451613   .5927419   .5362903   .4798387   .4475806   .3870968   .3427419   .2741936   .1814516   .1290323  
 .2862903   .3064516   .3709677   .4637097   .5967742   .7016129   .7741935   .8145161   .8225806   .7983871   .75   .6975806   .608871   .5524194   .4637097   .3951613   .3669355   .3467742   .3225806   .266129   .1774193   9.677419E-02   7.258064E-02   3.225806E-02   4.032258E-03   0   4.032258E-03   1.612903E-02   2.016129E-02   .0483871   9.274194E-02   .1451613   .2217742   .2903226   .3346774   .3951613   .4274194   .4274194   .4233871   .4233871   .391129   .3427419   .358871   .3709677   .3427419   .2943548   .3145161   .3991936   .5362903   .625   .6653226   .6935484   .6814516   .6451613   .6330645   .5806451   .5403226   .4798387   .4475806   .3830645   .3387097   .2701613   .2096774   .1612903  
 .2741936   .3064516   .3830645   .4798387   .5967742   .6895161   .75   .7903226   .7983871   .7741935   .7459677   .6975806   .6169355   .5604839   .4717742   .4314516   .4354839   .4153226   .3870968   .3306452   .2419355   .1532258   .1290323   9.274194E-02   6.451613E-02   2.822581E-02   1.612903E-02   2.822581E-02   6.451613E-02   9.677419E-02   .1129032   .1491936   .2419355   .3104839   .3548387   .4032258   .4475806   .483871   .4798387   .4475806   .4475806   .4274194   .4395161   .4233871   .3951613   .3467742   .3145161   .3387097   .4556452   .5443549   .6129032   .641129   .6290323   .6129032   .5806451   .5282258   .5040323   .4475806   .4153226   .3548387   .3104839   .2580645   .2258064   .1774193  
 .266129   .3064516   .3790323   .4637097   .5604839   .6532258   .7056451   .733871   .7419355   .7177419   .7016129   .6491935   .5927419   .5362903   .4959677   .4758064   .4798387   .4596774   .4193548   .3629032   .2741936   .1935484   .1693548   .1451613   .1169355   9.677419E-02   9.274194E-02   9.677419E-02   .1491936   .1774193   .1854839   .2258064   .2741936   .3225806   .3548387   .391129   .4717742   .5241935   .5524194   .5403226   .5241935   .4919355   .4879032   .4717742   .4233871   .375   .3266129   .3266129   .3709677   .4596774   .5282258   .5766129   .5766129   .5766129   .5282258   .4919355   .4354839   .3830645   .3508064   .3024194   .2822581   .2862903   .266129   .2217742  
 .25   .2903226   .3669355   .4193548   .483871   .5766129   .6290323   .6451613   .6532258   .6290323   .6169355   .5645161   .5362903   .5120968   .5201613   .516129   .5322581   .516129   .4677419   .3870968   .2943548   .2540323   .2459677   .2217742   .2137097   .1854839   .1774193   .1854839   .2096774   .2379032   .2741936   .3185484   .3548387   .3709677   .4032258   .4677419   .5282258   .5927419   .6209677   .608871   .5725806   .5403226   .5040323   .4879032   .4395161   .4153226   .375   .3508064   .3387097   .3951613   .4354839   .4798387   .483871   .5   .4677419   .4314516   .3548387   .3024194   .2540323   .2741936   .3024194   .3064516   .2862903   .2419355  
 .2177419   .2580645   .3306452   .3830645   .4112903   .4596774   .5120968   .5241935   .5322581   .5080645   .4919355   .4717742   .4637097   .5040323   .5403226   .5403226   .5564516   .5403226   .4919355   .4395161   .3790323   .3185484   .3104839   .3185484   .3145161   .2862903   .2379032   .2580645   .25   .2741936   .3306452   .3870968   .4233871   .4354839   .4596774   .5282258   .5725806   .6209677   .6491935   .6370968   .5887097   .5564516   .4919355   .4717742   .4435484   .4314516   .391129   .3427419   .3266129   .358871   .4072581   .4435484   .4395161   .4435484   .4072581   .3629032   .2822581   .2379032   .2258064   .2701613   .2983871   .3024194   .2822581   .2379032  
 .1693548   .2096774   .2701613   .3225806   .358871   .3830645   .4112903   .4193548   .4193548   .3870968   .3669355   .3870968   .4233871   .483871   .5201613   .5322581   .5483871   .5322581   .5040323   .4677419   .4354839   .3870968   .375   .3951613   .391129   .3629032   .3104839   .3024194   .2903226   .2903226   .3709677   .4314516   .4919355   .5241935   .5685484   .625   .6653226   .6895161   .6774194   .6290323   .5725806   .5443549   .4959677   .4596774   .4395161   .4153226   .375   .3064516   .3306452   .3669355   .4354839   .4758064   .4677419   .4475806   .4032258   .3346774   .2903226   .2459677   .233871   .2459677   .2701613   .2782258   .2701613   .2459677  
 .1048387   .1451613   .1854839   .2540323   .3104839   .3346774   .3266129   .3306452   .3306452   .3145161   .3104839   .3104839   .3508064   .4233871   .4596774   .4919355   .5080645   .4919355   .4919355   .4919355   .4596774   .4314516   .4274194   .4475806   .4435484   .4153226   .3629032   .3387097   .3266129   .3064516   .4032258   .5   .5645161   .6048387   .6814516   .7298387   .7741935   .7822581   .7580645   .6854839   .5887097   .5483871   .5120968   .4637097   .4112903   .3669355   .3387097   .3024194   .3508064   .3951613   .4556452   .4758064   .4556452   .4153226   .4072581   .3830645   .3306452   .2701613   .2459677   .2379032   .2620968   .2701613   .2620968   .2379032  
 3.225806E-02   6.451613E-02   9.677419E-02   .1733871   .2298387   .2540323   .2540323   .2419355   .2419355   .2540323   .2419355   .2217742   .2540323   .3225806   .3709677   .4193548   .4354839   .4516129   .483871   .483871   .4717742   .4516129   .4556452   .4758064   .4717742   .4435484   .391129   .3508064   .3387097   .3185484   .4435484   .5403226   .6209677   .6814516   .7620968   .7983871   .8427419   .8467742   .8104839   .733871   .6330645   .5564516   .5120968   .4637097   .3991936   .3306452   .3024194   .2701613   .3427419   .3830645   .4435484   .4637097   .4435484   .4314516   .4475806   .4354839   .3830645   .2903226   .2459677   .2137097   .2419355   .2459677   .2379032   .2137097  
 0   0   2.822581E-02   6.451613E-02   .125   .1733871   .2056452   .2217742   .2217742   .2056452   .1733871   .125   .1370968   .1895161   .2822581   .3508064   .3951613   .4153226   .4435484   .4637097   .4677419   .4475806   .4596774   .4798387   .4758064   .4475806   .3951613   .3387097   .3306452   .3548387   .4717742   .5725806   .6612903   .7177419   .7943549   .8266129   .8709677   .875   .8387097   .7620968   .6814516   .5846774   .4959677   .4475806   .3830645   .3508064   .2983871   .2379032   .2943548   .3306452   .3991936   .4435484   .4637097   .4798387   .4637097   .4475806   .3951613   .3024194   .2137097   .1733871   .1975807   .2056452   .1975807   .1733871  
 0   0   4.032258E-02   .0766129   .1048387   .141129   .1733871   .1895161   .1895161   .1733871   .141129   9.274194E-02   .1048387   .1451613   .2258064   .2903226   .3387097   .3709677   .4072581   .4354839   .4395161   .4193548   .4395161   .4596774   .4556452   .4274194   .375   .3145161   .3306452   .3629032   .4596774   .5806451   .6693549   .7137097   .7782258   .8145161   .858871   .8629032   .8266129   .7620968   .6975806   .6008065   .4879032   .4153226   .375   .3467742   .2943548   .2741936   .3346774   .3870968   .4516129   .483871   .483871   .4959677   .4798387   .4314516   .3669355   .2741936   .1733871   .1169355   .141129   .1491936   .141129   .1290323  
 0   0   4.435484E-02   8.064516E-02   .108871   .1290323   .141129   .1451613   .141129   .1290323   .108871   8.064516E-02   9.677419E-02   .1129032   .1935484   .2580645   .3064516   .3387097   .3548387   .3830645   .3870968   .3669355   .3951613   .4153226   .4112903   .3830645   .3306452   .2903226   .2983871   .3387097   .4072581   .5403226   .6290323   .6693549   .7137097   .7620968   .8064516   .8104839   .7782258   .7459677   .7016129   .6169355   .4959677   .3991936   .3669355   .3185484   .2943548   .3024194   .3387097   .4112903   .4758064   .5080645   .5080645   .4919355   .4879032   .4435484   .375   .2701613   .1491936   9.677419E-02   .1209677   .1290323   .1209677   .108871  
 0   0   4.032258E-02   .0766129   .1048387   .125   .1370968   .141129   .1370968   .125   .1048387   .0766129   7.258064E-02   9.274194E-02   .1451613   .2096774   .2580645   .2903226   .3064516   .3064516   .3104839   .3427419   .3709677   .4032258   .4032258   .3709677   .3346774   .2741936   .266129   .2943548   .3508064   .4516129   .5403226   .5846774   .6048387   .6733871   .7298387   .75   .7459677   .7298387   .6814516   .5967742   .4717742   .3629032   .3427419   .3145161   .2943548   .3064516   .3266129   .4032258   .4677419   .5   .5120968   .5   .4637097   .4475806   .3951613   .3024194   .1895161   .1129032   .1370968   .1451613   .1370968   .1129032  
 0   0   2.822581E-02   6.451613E-02   9.274194E-02   .1129032   .125   .1290323   .125   .1129032   9.274194E-02   6.451613E-02   3.225806E-02   6.451613E-02   .1169355   .1612903   .1975807   .2258064   .2459677   .2701613   .3104839   .3346774   .3427419   .3669355   .3790323   .3669355   .3306452   .2701613   .2741936   .3145161   .3508064   .4072581   .4637097   .5040323   .5201613   .5685484   .6451613   .6814516   .6975806   .6814516   .6209677   .5362903   .4314516   .3387097   .3346774   .3387097   .3427419   .3225806   .3387097   .3830645   .4274194   .4596774   .483871   .4717742   .4556452   .4435484   .391129   .3185484   .2217742   .1330645   .1370968   .1451613   .1370968   .1129032  
 0   0   8.064516E-03   4.435484E-02   7.258064E-02   9.274194E-02   .1048387   .108871   .1048387   9.274194E-02   7.258064E-02   4.435484E-02   8.064516E-03   2.822581E-02   8.064516E-02   .125   .1612903   .1895161   .2217742   .2782258   .3185484   .3548387   .375   .3709677   .375   .3508064   .3145161   .2903226   .3225806   .3669355   .3790323   .4193548   .4475806   .4677419   .5040323   .5403226   .5483871   .5725806   .6008065   .5846774   .5201613   .4677419   .3870968   .2983871   .3064516   .3508064   .3548387   .3548387   .375   .3870968   .391129   .4032258   .4193548   .4193548   .4153226   .4153226   .3830645   .3185484   .2620968   .1935484   .1935484   .1774193   .1451613   9.677419E-02  
 0   0   0   1.612903E-02   4.435484E-02   6.451613E-02   .0766129   8.064516E-02   .0766129   6.451613E-02   4.435484E-02   1.612903E-02   0   0   3.629032E-02   8.064516E-02   .1169355   .1451613   .2137097   .2701613   .3225806   .3669355   .3870968   .3830645   .3548387   .3306452   .3185484   .2983871   .358871   .4112903   .4233871   .4072581   .4475806   .4717742   .4677419   .4879032   .483871   .4395161   .4556452   .4395161   .4112903   .3629032   .3024194   .2580645   .2822581   .3266129   .3669355   .375   .3951613   .391129   .3709677   .3508064   .3629032   .3830645   .3830645   .3830645   .3508064   .3346774   .2943548   .2419355   .2419355   .2258064   .1935484   .1451613  
 0   0   0   0   8.064516E-03   2.822581E-02   4.032258E-02   4.435484E-02   4.032258E-02   2.822581E-02   8.064516E-03   0   0   0   0   2.822581E-02   6.451613E-02   .1169355   .1895161   .2459677   .3104839   .3790323   .4193548   .4274194   .4032258   .3951613   .3669355   .3387097   .3629032   .4193548   .4435484   .4354839   .4475806   .4717742   .4637097   .4314516   .4072581   .3508064   .2983871   .2822581   .2822581   .2822581   .266129   .2540323   .266129   .3185484   .358871   .3709677   .391129   .3870968   .358871   .3064516   .2782258   .3064516   .3225806   .3346774   .3427419   .3346774   .2943548   .2741936   .2741936   .2580645   .2258064   .1774193  
 0   0   0   0   0   0   0   0   0   0   0   0   8.064516E-03   2.822581E-02   4.032258E-02   4.435484E-02   4.435484E-02   .1048387   .1572581   .2177419   .3225806   .3951613   .4354839   .4435484   .4435484   .4717742   .4717742   .4395161   .4395161   .4556452   .4717742   .4919355   .5   .5443549   .5645161   .5282258   .4717742   .375   .2701613   .2379032   .2580645   .2741936   .2701613   .2862903   .2701613   .2782258   .3185484   .3467742   .3790323   .3790323   .3467742   .2822581   .2177419   .2419355   .2782258   .2903226   .3104839   .3024194   .2741936   .2903226   .2903226   .2741936   .2419355   .1935484  
 0   0   0   0   0   0   0   0   0   0   0   1.612903E-02   4.435484E-02   6.451613E-02   .0766129   8.064516E-02   8.064516E-02   .1209677   .1653226   .2258064   .3064516   .3830645   .4354839   .4637097   .5120968   .5443549   .5443549   .516129   .5120968   .5201613   .5362903   .5564516   .5927419   .641129   .641129   .5967742   .5362903   .4354839   .3104839   .2580645   .25   .233871   .2701613   .2862903   .2701613   .233871   .2459677   .3064516   .3387097   .3387097   .3064516   .2419355   .1532258   .1895161   .2137097   .2217742   .25   .2540323   .2741936   .2903226   .2903226   .2741936   .2419355   .1935484  
 0   0   0   0   0   0   0   0   0   0   8.064516E-03   4.435484E-02   7.258064E-02   9.274194E-02   .1048387   .108871   .1048387   .1532258   .233871   .2943548   .3427419   .4112903   .4637097   .4919355   .5524194   .5846774   .5846774   .5685484   .5887097   .6008065   .5846774   .6129032   .6491935   .6975806   .6975806   .6653226   .6048387   .5040323   .3669355   .2782258   .25   .2258064   .2379032   .2540323   .2379032   .1975807   .2056452   .25   .2701613   .266129   .2379032   .1854839   .108871   .1330645   .1572581   .1653226   .1895161   .2258064   .2580645   .2741936   .2741936   .2580645   .2258064   .1774193  
 0   0   0   0   2.419355E-02   4.435484E-02   5.645161E-02   6.048387E-02   5.645161E-02   4.435484E-02   5.241935E-02   6.451613E-02   9.274194E-02   .1169355   .141129   .1491936   .141129   .1975807   .2782258   .3387097   .375   .4153226   .4677419   .4959677   .5604839   .5927419   .6048387   .6572581   .7016129   .7177419   .7096774   .7096774   .7096774   .7379032   .7177419   .6935484   .6330645   .5322581   .391129   .2983871   .2741936   .233871   .1935484   .1935484   .1935484   .1935484   .1895161   .2056452   .233871   .233871   .2016129   .1370968   5.645161E-02   6.048387E-02   8.467742E-02   9.677419E-02   .1451613   .1935484   .2258064   .2419355   .2419355   .2258064   .1935484   .1451613  
 6.451613E-02   6.854839E-02   .0766129   .1008065   .108871   .1008065   .108871   .1129032   .108871   9.677419E-02   .1169355   .125   .1169355   .141129   .1653226   .1733871   .1653226   .2298387   .2983871   .3830645   .4395161   .4677419   .5120968   .5322581   .5846774   .6370968   .6733871   .7580645   .8024194   .8064516   .8064516   .7983871   .7701613   .7903226   .7701613   .7096774   .625   .5362903   .4193548   .3427419   .3145161   .2620968   .1854839   .1653226   .1774193   .1814516   .1895161   .2016129   .2056452   .1854839   .141129   7.258064E-02   1.209677E-02   0   3.225806E-02   6.854839E-02   9.677419E-02   .1451613   .1774193   .1935484   .1935484   .1774193   .1451613   9.677419E-02  
 .125   .141129   .1814516   .2056452   .2137097   .2056452   .1814516   .1572581   .1532258   .141129   .1653226   .1733871   .1653226   .1612903   .1733871   .1814516   .1733871   .2419355   .3427419   .4314516   .4879032   .5120968   .5564516   .5766129   .6532258   .7217742   .7822581   .8306451   .8629032   .8669355   .8790323   .858871   .8427419   .858871   .8387097   .7782258   .6774194   .5524194   .4475806   .3629032   .3346774   .2822581   .2056452   .1451613   .1572581   .1612903   .1814516   .1895161   .1814516   .1572581   .1169355   6.048387E-02   2.419355E-02   0   0   3.225806E-02   6.048387E-02   8.064516E-02   .1129032   .1290323   .1290323   .1129032   8.064516E-02   3.225806E-02  
 .1774193   .2298387   .2701613   .2943548   .3024194   .2943548   .2701613   .2298387   .1895161   .1774193   .1975807   .2056452   .1975807   .1895161   .1653226   .1733871   .1774193   .2580645   .358871   .4475806   .5040323   .5322581   .5766129   .625   .6975806   .766129   .8467742   .8951613   .8951613   .8870968   .9032258   .875   .8669355   .8870968   .8669355   .8064516   .7056451   .5725806   .4516129   .3709677   .3306452   .2782258   .2016129   .1169355   .1290323   .1330645   .1572581   .1653226   .1572581   .1330645   9.274194E-02   .0483871   2.822581E-02   0   0   0   1.612903E-02   3.629032E-02   .0483871   5.241935E-02   .0483871   3.629032E-02   1.612903E-02   0  
 .2459677   .3024194   .3427419   .3830645   .4153226   .4153226   .3951613   .3508064   .2822581   .2217742   .2137097   .2217742   .2137097   .1935484   .1653226   .1491936   .1895161   .2741936   .3709677   .4717742   .5322581   .5685484   .6048387   .6653226   .7056451   .7701613   .8629032   .9112903   .9112903   .8669355   .8790323   .891129   .8870968   .8991935   .8709677   .8024194   .7096774   .5887097   .4395161   .3790323   .3064516   .25   .1733871   8.064516E-02   9.274194E-02   9.677419E-02   .1169355   .125   .1169355   9.274194E-02   5.645161E-02   4.435484E-02   2.419355E-02   0   0   0   0   0   0   2.016129E-02   3.225806E-02   3.629032E-02   3.225806E-02   2.016129E-02  
 .3024194   .358871   .4314516   .483871   .5120968   .516129   .4959677   .4516129   .391129   .3024194   .2540323   .2217742   .2137097   .1895161   .1491936   .1330645   .1975807   .3024194   .391129   .4596774   .5201613   .5766129   .641129   .7016129   .7217742   .733871   .8306451   .8790323   .8790323   .8306451   .8387097   .875   .8870968   .8951613   .8669355   .7983871   .6935484   .5725806   .4596774   .3709677   .2983871   .2096774   .1209677   3.629032E-02   .0483871   5.241935E-02   6.048387E-02   6.854839E-02   6.048387E-02   .0483871   4.435484E-02   3.225806E-02   1.209677E-02   0   0   0   0   0   2.822581E-02   .0483871   6.048387E-02   6.451613E-02   6.048387E-02   .0483871  
 .3427419   .4314516   .5080645   .5604839   .5887097   .5927419   .5725806   .5282258   .4717742   .3830645   .2983871   .2379032   .1975807   .1733871   .1330645   .1330645   .2177419   .3024194   .391129   .4475806   .4919355   .5524194   .6370968   .6975806   .7177419   .6975806   .75   .7983871   .8024194   .7903226   .7701613   .8104839   .8387097   .8508065   .8225806   .7540323   .6451613   .5564516   .4556452   .3467742   .2741936   .1854839   8.064516E-02   0   0   0   0   1.209677E-02   2.419355E-02   2.822581E-02   2.419355E-02   1.209677E-02   0   0   0   0   0   2.016129E-02   .0483871   6.854839E-02   8.064516E-02   8.467742E-02   8.064516E-02   6.854839E-02  
 .3830645   .483871   .5604839   .6129032   .641129   .6451613   .625   .5806451   .5201613   .4314516   .3266129   .2540323   .1814516   .141129   .1008065   .1290323   .2137097   .2741936   .358871   .4354839   .4959677   .5322581   .608871   .6572581   .6733871   .6572581   .6774194   .7096774   .733871   .7217742   .6733871   .7016129   .7540323   .766129   .7379032   .6733871   .608871   .5282258   .4274194   .3064516   .233871   .1451613   5.241935E-02   0   0   0   0   0   0   0   0   0   0   1.612903E-02   3.629032E-02   .0483871   5.241935E-02   8.064516E-02   9.677419E-02   9.677419E-02   9.274194E-02   9.677419E-02   9.274194E-02   8.064516E-02  
 .4112903   .5120968   .5887097   .641129   .6693549   .6733871   .6532258   .608871   .5403226   .4475806   .3346774   .2701613   .1895161   .108871   5.645161E-02   .1008065   .1895161   .2620968   .3306452   .4153226   .4758064   .5120968   .5927419   .641129   .6572581   .641129   .6290323   .6612903   .6612903   .6290323   .5645161   .5806451   .6330645   .6572581   .6491935   .608871   .5524194   .4758064   .375   .25   .1774193   9.274194E-02   3.225806E-02   0   0   0   0   0   0   0   0   0   3.225806E-02   6.048387E-02   8.064516E-02   9.274194E-02   9.677419E-02   .1290323   .1451613   .1451613   .1290323   .1008065   9.677419E-02   8.467742E-02  
 .4153226   .516129   .5927419   .6451613   .6733871   .6774194   .6572581   .6129032   .5443549   .4516129   .3346774   .2701613   .1895161   9.677419E-02   4.435484E-02   .1008065   .1895161   .2620968   .3387097   .4032258   .4677419   .5   .5645161   .5927419   .608871   .5927419   .5483871   .5806451   .5806451   .5483871   .5201613   .5443549   .5524194   .5604839   .5564516   .5282258   .4758064   .3991936   .2983871   .1774193   .1169355   6.451613E-02   4.032258E-03   0   0   0   0   4.032258E-03   3.225806E-02   5.241935E-02   6.451613E-02   .1008065   .1330645   .1491936   .1491936   .1330645   .1370968   .1935484   .2298387   .2419355   .2419355   .2177419   .1733871   .1370968  
 .3951613   .4959677   .5725806   .625   .6532258   .6572581   .6370968   .5927419   .5241935   .4314516   .3185484   .2540323   .1733871   .0766129   2.419355E-02   8.467742E-02   .1733871   .2741936   .3508064   .4032258   .4314516   .4596774   .5120968   .5403226   .5282258   .5120968   .4677419   .4677419   .4717742   .4758064   .4717742   .4959677   .5040323   .4959677   .4717742   .4314516   .375   .3024194   .2137097   .125   8.064516E-02   2.822581E-02   0   0   0   0   2.822581E-02   6.451613E-02   9.274194E-02   .1129032   .141129   .1895161   .2217742   .2379032   .2379032   .25   .2580645   .2862903   .3266129   .3467742   .3669355   .358871   .3145161   .266129  
 .3548387   .4516129   .5282258   .5806451   .608871   .6129032   .5927419   .5483871   .4798387   .3870968   .2862903   .2217742   .141129   .0483871   0   5.241935E-02   .1612903   .266129   .3548387   .4112903   .4354839   .4274194   .4354839   .4516129   .4354839   .4032258   .3830645   .375   .3870968   .391129   .4072581   .4314516   .4395161   .4314516   .4072581   .3669355   .3104839   .2379032   .1491936   8.064516E-02   3.629032E-02   0   0   0   0   3.629032E-02   8.064516E-02   .1169355   .1451613   .1653226   .2137097   .2620968   .2943548   .3104839   .3467742   .375   .3951613   .3870968   .4032258   .4717742   .4959677   .4758064   .4314516   .3629032  
 .3225806   .3830645   .4596774   .5201613   .5685484   .5967742   .5927419   .5483871   .4637097   .3387097   .2379032   .1733871   .108871   .0483871   .0483871   6.048387E-02   .1733871   .2782258   .3467742   .3870968   .4112903   .4032258   .3709677   .3870968   .3709677   .3266129   .3266129   .3185484   .2943548   .2862903   .3266129   .3508064   .358871   .3508064   .3266129   .2862903   .2298387   .1572581   6.854839E-02   2.822581E-02   0   0   0   0   2.822581E-02   8.064516E-02   .125   .1612903   .1895161   .2096774   .2701613   .3185484   .3548387   .4274194   .5   .5403226   .5685484   .5685484   .5604839   .5846774   .5806451   .5524194   .5080645   .4274194  
 .2741936   .3225806   .3830645   .4637097   .5241935   .5604839   .5564516   .5362903   .4717742   .358871   .2620968   .1975807   .1330645   .1048387   9.274194E-02   9.677419E-02   .1572581   .266129   .3346774   .3669355   .3709677   .3709677   .3548387   .3467742   .3387097   .3145161   .3225806   .2983871   .2540323   .2258064   .2298387   .2540323   .2620968   .2540323   .2298387   .1895161   .1330645   6.048387E-02   4.032258E-03   0   0   0   0   4.032258E-03   8.467742E-02   .1491936   .1975807   .2298387   .2459677   .2459677   .3104839   .3870968   .4596774   .5645161   .6370968   .6774194   .7016129   .7379032   .7298387   .6975806   .6774194   .6169355   .5483871   .4758064  
 .2903226   .3306452   .3870968   .4112903   .4516129   .4959677   .5282258   .5120968   .4475806   .3669355   .3064516   .2177419   .1935484   .1935484   .1774193   .1451613   .1612903   .2137097   .2822581   .3346774   .3669355   .3629032   .3427419   .3225806   .3266129   .3346774   .3427419   .3185484   .2943548   .2580645   .2096774   .1774193   .1653226   .1451613   .1169355   8.064516E-02   3.629032E-02   0   0   0   0   0   0   6.048387E-02   .141129   .2056452   .2540323   .2862903   .3024194   .3024194   .3709677   .4637097   .5645161   .6693549   .7419355   .7822581   .8185484   .858871   .8508065   .8064516   .7580645   .7298387   .6572581   .5564516  
 .3064516   .3346774   .3870968   .4112903   .4435484   .4677419   .4596774   .4395161   .3951613   .3709677   .3427419   .2782258   .266129   .266129   .25   .2177419   .1935484   .2298387   .2620968   .3548387   .4032258   .3870968   .391129   .3830645   .3266129   .3346774   .3508064   .358871   .3387097   .3024194   .2419355   .1612903   .1129032   9.274194E-02   6.451613E-02   2.822581E-02   0   0   0   0   0   0   2.016129E-02   .1008065   .1814516   .2459677   .2943548   .3266129   .3427419   .3709677   .4435484   .516129   .6370968   .7419355   .8145161   .8548387   .9072581   .9354839   .9233871   .8709677   .8346774   .8104839   .7379032   .6330645  
 .3064516   .3467742   .3669355   .3790323   .4435484   .4677419   .4516129   .4354839   .4395161   .4354839   .4153226   .375   .3306452   .3225806   .3064516   .3024194   .2903226   .2862903   .3346774   .4072581   .4395161   .4556452   .4475806   .4435484   .4032258   .3951613   .375   .3830645   .358871   .3225806   .2620968   .1774193   8.064516E-02   3.225806E-02   2.016129E-02   3.629032E-02   .0483871   5.241935E-02   .0483871   3.629032E-02   1.612903E-02   0   3.225806E-02   .125   .2056452   .2701613   .3185484   .3508064   .3709677   .4314516   .483871   .5443549   .6774194   .7822581   .8548387   .8951613   .9596774   .9879032   .9758065   .9435484   .8830645   .8467742   .7701613   .6895161  
 .2903226   .3346774   .3548387   .375   .4112903   .4395161   .4717742   .4677419   .4556452   .4879032   .483871   .4556452   .4072581   .3991936   .4153226   .4314516   .4153226   .3709677   .4072581   .4596774   .5040323   .5362903   .5241935   .5201613   .5201613   .5080645   .4677419   .4112903   .3709677   .3225806   .2580645   .1774193   8.064516E-02   3.629032E-02   6.048387E-02   8.064516E-02   9.274194E-02   9.677419E-02   9.274194E-02   8.064516E-02   6.048387E-02   3.225806E-02   3.629032E-02   .1330645   .2137097   .2782258   .3266129   .358871   .4153226   .4798387   .5120968   .5483871   .6854839   .7903226   .8629032   .9032258   .9717742   1   .9879032   .9677419   .9032258   .8669355   .8024194   .7379032  
 .2620968   .2983871   .3225806   .375   .4274194   .4959677   .5322581   .5282258   .483871   .516129   .5201613   .5040323   .4879032   .5080645   .5201613   .5282258   .5241935   .5201613   .5201613   .5241935   .5604839   .5806451   .5806451   .608871   .6129032   .5927419   .5483871   .4798387   .4193548   .3709677   .3104839   .2580645   .2137097   .1653226   .1653226   .1814516   .1814516   .1653226   .1330645   .1169355   9.677419E-02   6.854839E-02   6.451613E-02   .125   .2298387   .3145161   .375   .4112903   .4879032   .5403226   .5524194   .5322581   .6612903   .766129   .8387097   .8790323   .9435484   .9717742   .9596774   .9435484   .8830645   .8508065   .8185484   .7540323  
 .2903226   .3145161   .3387097   .4032258   .4758064   .5322581   .5564516   .5483871   .5080645   .5201613   .5362903   .5403226   .5403226   .5927419   .6048387   .6048387   .608871   .625   .6129032   .6169355   .6451613   .6572581   .6491935   .6774194   .6814516   .6612903   .6169355   .5483871   .4556452   .4314516   .4032258   .3669355   .3346774   .2741936   .2540323   .2701613   .2701613   .2540323   .2217742   .1733871   .125   9.677419E-02   9.274194E-02   .1653226   .2580645   .3427419   .4032258   .4395161   .5241935   .5766129   .5887097   .5806451   .6290323   .7096774   .7822581   .8225806   .8790323   .9354839   .9435484   .9354839   .9032258   .8991935   .8548387   .7701613  
 .3104839   .3145161   .3387097   .4072581   .4919355   .5483871   .5725806   .5645161   .5241935   .5040323   .5201613   .5362903   .5846774   .6370968   .6491935   .6491935   .6532258   .6814516   .6653226   .6693549   .6895161   .7016129   .6935484   .7217742   .7258065   .7056451   .6612903   .5927419   .5362903   .5   .4717742   .4556452   .4233871   .358871   .3266129   .3427419   .3427419   .3266129   .2943548   .2459677   .1814516   .1290323   .1370968   .1895161   .2620968   .3467742   .4072581   .4435484   .5241935   .5725806   .5887097   .608871   .6370968   .6693549   .7096774   .766129   .8306451   .891129   .9112903   .9112903   .9153226   .9112903   .8669355   .7822581  
 .3225806   .3185484   .3225806   .3870968   .4758064   .5322581   .5564516   .5483871   .5080645   .4556452   .4717742   .5120968   .5887097   .641129   .6532258   .6532258   .6572581   .6895161   .6774194   .6814516   .6935484   .7056451   .7137097   .7419355   .7459677   .7258065   .6814516   .641129   .6008065   .5443549   .5282258   .5362903   .5080645   .4435484   .3951613   .3991936   .4072581   .3951613   .358871   .3024194   .2379032   .2056452   .1854839   .1814516   .2419355   .3266129   .3870968   .4233871   .5   .5483871   .5927419   .6129032   .6129032   .6451613   .6854839   .7580645   .7983871   .8548387   .875   .8548387   .8870968   .8830645   .8387097   .7580645  
 .3266129   .3225806   .3104839   .3427419   .4274194   .4919355   .5201613   .5080645   .4596774   .3870968   .4112903   .4637097   .5524194   .6048387   .6169355   .6169355   .6209677   .6491935   .6491935   .6532258   .6572581   .6814516   .7096774   .7379032   .7419355   .7217742   .6814516   .6733871   .6330645   .5766129   .5685484   .5806451   .5524194   .5   .4556452   .4516129   .4516129   .4395161   .4032258   .3508064   .3508064   .3467742   .3024194   .2822581   .2782258   .3387097   .375   .3870968   .4596774   .5282258   .5725806   .5927419   .5887097   .6169355   .6693549   .7177419   .7580645   .7782258   .7983871   .8104839   .8185484   .8225806   .7822581   .6935484  
 .3225806   .3225806   .3387097   .3629032   .4274194   .4879032   .5080645   .4879032   .4274194   .3508064   .3629032   .4193548   .5241935   .5806451   .5887097   .5766129   .5604839   .5604839   .5806451   .5846774   .5846774   .641129   .6814516   .7096774   .7137097   .6935484   .6814516   .6733871   .6330645   .5846774   .5766129   .5846774   .5564516   .5241935   .4919355   .4879032   .4717742   .4596774   .4516129   .4475806   .4677419   .4637097   .4193548   .3709677   .3306452   .375   .4112903   .4233871   .4435484   .483871   .5282258   .5483871   .5483871   .5806451   .6169355   .6451613   .6854839   .6935484   .6975806   .7379032   .7459677   .733871   .6814516   .5887097  
 .3387097   .3709677   .3870968   .3870968   .4274194   .483871   .5040323   .483871   .4274194   .3951613   .3870968   .3629032   .4516129   .5080645   .516129   .5120968   .4879032   .4596774   .4717742   .4879032   .5241935   .5766129   .6290323   .6572581   .6612903   .641129   .6491935   .641129   .6008065   .5604839   .5524194   .5483871   .5322581   .516129   .5040323   .5   .4798387   .5201613   .5443549   .5564516   .5846774   .5685484   .5040323   .4274194   .3951613   .4032258   .4233871   .4354839   .4274194   .4516129   .4596774   .4798387   .5120968   .5725806   .5927419   .6048387   .6491935   .6693549   .6854839   .6693549   .6451613   .625   .5725806   .4798387  
 .3709677   .4032258   .4193548   .4193548   .4153226   .4435484   .4596774   .4435484   .4354839   .4475806   .4516129   .4153226   .4072581   .4314516   .4274194   .4193548   .3870968   .3669355   .391129   .4233871   .4717742   .5040323   .5524194   .5806451   .5846774   .5645161   .5846774   .5766129   .5362903   .5040323   .4959677   .4758064   .4919355   .4758064   .4919355   .5040323   .5362903   .5927419   .6169355   .625   .6572581   .641129   .5766129   .4677419   .4435484   .4516129   .4435484   .4233871   .4112903   .4032258   .3951613   .4153226   .5   .5604839   .5806451   .5604839   .6048387   .6532258   .6693549   .6532258   .6048387   .5241935   .4274194   .3346774  
 .3870968   .4193548   .4354839   .4354839   .4193548   .3991936   .3951613   .4112903   .4354839   .4758064   .4798387   .4435484   .3991936   .3951613   .3951613   .3629032   .3508064   .3508064   .3629032   .3830645   .4153226   .4475806   .4637097   .4798387   .483871   .4637097   .4879032   .4798387   .4395161   .4153226   .4193548   .4153226   .4395161   .4677419   .5   .5322581   .5967742   .6330645   .6572581   .6532258   .6814516   .6653226   .6008065   .5   .483871   .483871   .4758064   .4516129   .4112903   .3548387   .3548387   .3548387   .4516129   .5241935   .5645161   .5766129   .6209677   .641129   .6370968   .608871   .5564516   .4798387   .3790323   .2862903  
 .3870968   .4193548   .4354839   .4354839   .4193548   .3870968   .3467742   .3790323   .4233871   .4637097   .4717742   .4475806   .3951613   .3669355   .3709677   .4032258   .4032258   .4072581   .3951613   .3951613   .3951613   .4072581   .3951613   .391129   .375   .3427419   .358871   .3548387   .3266129   .3387097   .3508064   .375   .3830645   .4354839   .4919355   .5725806   .6532258   .6854839   .6693549   .6572581   .6612903   .641129   .5846774   .5322581   .5201613   .5   .4919355   .4677419   .4274194   .3991936   .3830645   .3951613   .4879032   .5725806   .6169355   .6370968   .6693549   .6693549   .6370968   .6048387   .5524194   .4758064   .391129   .3185484  
 .391129   .4354839   .4556452   .4516129   .4233871   .3709677   .3508064   .3870968   .4395161   .4677419   .4717742   .4516129   .4072581   .3951613   .4274194   .4596774   .4596774   .4435484   .4314516   .3951613   .3669355   .3790323   .3669355   .3306452   .2862903   .2540323   .2580645   .2540323   .2580645   .2741936   .2943548   .3225806   .3629032   .3870968   .4677419   .5806451   .6612903   .6935484   .6774194   .6330645   .6169355   .608871   .5846774   .5443549   .5322581   .5   .4919355   .4677419   .4314516   .4637097   .4798387   .4637097   .5   .5846774   .6290323   .6693549   .7016129   .7016129   .6693549   .6048387   .5241935   .4798387   .4233871   .3508064  
 .3870968   .4314516   .4516129   .4475806   .4193548   .3669355   .3467742   .4233871   .4758064   .5040323   .5080645   .4879032   .4798387   .4556452   .4516129   .483871   .483871   .4556452   .4435484   .4072581   .3467742   .3266129   .3145161   .2782258   .2177419   .1491936   .1330645   .1451613   .1774193   .1935484   .2580645   .3145161   .3548387   .3790323   .4516129   .5564516   .625   .6532258   .641129   .5927419   .5725806   .5766129   .5524194   .5322581   .5201613   .483871   .4758064   .4516129   .4798387   .5282258   .5443549   .5282258   .5362903   .5927419   .6209677   .6733871   .7016129   .7056451   .6854839   .641129   .5806451   .5241935   .4798387   .4112903  
 .358871   .4032258   .4233871   .4193548   .391129   .3709677   .3830645   .4354839   .4879032   .516129   .5201613   .5282258   .5362903   .5120968   .4596774   .4758064   .4758064   .4435484   .4314516   .3951613   .3427419   .3306452   .3104839   .266129   .1975807   .1048387   4.032258E-02   8.064516E-02   .1169355   .1612903   .233871   .2903226   .3306452   .3548387   .4193548   .5282258   .5967742   .625   .6129032   .5645161   .5443549   .5120968   .4879032   .4959677   .483871   .4516129   .4435484   .4475806   .5120968   .5604839   .5766129   .5604839   .5443549   .6008065   .6653226   .7177419   .7459677   .75   .7298387   .7016129   .6612903   .5887097   .516129   .4475806  
 .3064516   .3548387   .3870968   .4032258   .4032258   .3870968   .3951613   .4233871   .4758064   .5040323   .5120968   .5524194   .5604839   .5362903   .4798387   .4677419   .4354839   .4072581   .3951613   .358871   .3467742   .3508064   .3306452   .2862903   .2177419   .1572581   8.467742E-02   8.870967E-02   .1129032   .125   .2056452   .2741936   .3185484   .3387097   .3669355   .4596774   .5282258   .5564516   .5443549   .5120968   .4919355   .4475806   .4233871   .4354839   .4233871   .4032258   .3991936   .4354839   .5120968   .5604839   .5766129   .5604839   .5201613   .608871   .6854839   .7379032   .766129   .7701613   .7580645   .75   .7096774   .6370968   .5322581   .4596774  
 .3064516   .3548387   .3870968   .4032258   .4032258   .3870968   .3830645   .3870968   .4395161   .4677419   .5040323   .5443549   .5524194   .5282258   .4758064   .4637097   .4274194   .3830645   .3508064   .3346774   .3427419   .3508064   .3427419   .3185484   .2782258   .2217742   .1491936   9.677419E-02   .1048387   .125   .1693548   .2379032   .2822581   .3024194   .3064516   .375   .4314516   .4596774   .4516129   .4354839   .4153226   .3870968   .3790323   .3548387   .3387097   .3387097   .3629032   .3991936   .4798387   .5282258   .5443549   .5322581   .5362903   .6048387   .6814516   .733871   .7620968   .766129   .7741935   .766129   .7258065   .6532258   .5483871   .4475806  
 .2903226   .3387097   .3709677   .3870968   .3870968   .3709677   .3467742   .3387097   .3790323   .4072581   .4637097   .5040323   .5120968   .4879032   .4475806   .4354839   .3991936   .375   .358871   .3669355   .391129   .3991936   .391129   .3669355   .3266129   .2701613   .1975807   .125   9.677419E-02   .1129032   .125   .1774193   .2217742   .2419355   .2379032   .2701613   .3145161   .3427419   .3306452   .3346774   .3306452   .3387097   .3306452   .3064516   .2983871   .2983871   .3346774   .3629032   .4314516   .4798387   .516129   .5282258   .5524194   .5927419   .6532258   .7056451   .733871   .7379032   .7580645   .75   .7096774   .6370968   .5322581   .4112903  
 .2580645   .3064516   .3387097   .3548387   .3548387   .3387097   .3064516   .2903226   .2983871   .3225806   .391129   .4314516   .4395161   .4153226   .3951613   .3830645   .3669355   .3508064   .358871   .3991936   .4233871   .4314516   .4233871   .3991936   .358871   .3024194   .2298387   .1451613   .1169355   .108871   8.870967E-02   9.274194E-02   .1370968   .1572581   .1532258   .1370968   .1572581   .1854839   .2056452   .2419355   .266129   .2741936   .266129   .2741936   .2903226   .2903226   .3387097   .3669355   .4233871   .4637097   .4879032   .5   .5524194   .5927419   .6169355   .6532258   .6814516   .6854839   .7096774   .7016129   .6612903   .5887097   .483871   .3508064  
 .2096774   .2580645   .2903226   .3064516   .3064516   .2903226   .2580645   .2459677   .233871   .2258064   .2862903   .3266129   .3346774   .3104839   .3185484   .3266129   .3266129   .3225806   .375   .4153226   .4395161   .4475806   .4395161   .4153226   .375   .3185484   .2459677   .1572581   .1290323   .1169355   9.274194E-02   5.645161E-02   6.048387E-02   5.645161E-02   4.435484E-02   2.419355E-02   2.822581E-02   8.064516E-02   .125   .1612903   .1895161   .2096774   .2217742   .25   .266129   .266129   .3185484   .3467742   .3830645   .4233871   .4354839   .4798387   .5362903   .5766129   .6008065   .608871   .6048387   .608871   .6290323   .6209677   .5806451   .5080645   .4032258   .266129  
 .1451613   .1935484   .2258064   .2419355   .2419355   .2258064   .2217742   .2096774   .1895161   .1612903   .1895161   .2056452   .2056452   .2217742   .2580645   .2862903   .3064516   .3185484   .375   .4153226   .4395161   .4475806   .4395161   .4153226   .375   .3185484   .2459677   .1612903   .1330645   .108871   8.467742E-02   4.435484E-02   .0483871   4.435484E-02   3.225806E-02   1.209677E-02   0   3.629032E-02   8.064516E-02   .1169355   .1451613   .1653226   .1774193   .2096774   .2258064   .233871   .2862903   .3104839   .3104839   .3508064   .375   .4475806   .5040323   .5443549   .5685484   .5766129   .5685484   .5443549   .5322581   .5120968   .4677419   .3991936   .3064516   .1935484  
 8.467742E-02   .1169355   .1451613   .1653226   .1774193   .1814516   .1774193   .1653226   .1451613   .1169355   .1330645   .1491936   .1653226   .2096774   .2459677   .2741936   .2943548   .3064516   .358871   .3991936   .4233871   .4314516   .4233871   .3991936   .358871   .3024194   .2298387   .1572581   .1290323   9.274194E-02   6.048387E-02   2.419355E-02   2.822581E-02   2.419355E-02   1.209677E-02   0   0   0   2.822581E-02   6.451613E-02   9.274194E-02   .1129032   .125   .1532258   .1693548   .1814516   .2217742   .2459677   .2379032   .2620968   .3266129   .3991936   .4556452   .4959677   .5201613   .5282258   .5201613   .4959677   .4637097   .4435484   .3991936   .3306452   .2379032   .1370968  
